NACA 66-410 normal to 37.5 deg sweep (from NACA66-410_gen.dat, y/c divided by cos sweep)
 1.00000000 -0.00000000
 0.99902109  0.00037137
 0.99608979  0.00127625
 0.99121382  0.00262251
 0.98441174  0.00439304
 0.97571345  0.00660248
 0.96515429  0.00928150
 0.95277567  0.01246305
 0.93862441  0.01616892
 0.92275229  0.02039549
 0.90521580  0.02509820
 0.88607639  0.03018422
 0.86540436  0.03557913
 0.84327749  0.04121931
 0.81977933  0.04702529
 0.79499915  0.05290438
 0.76903178  0.05874899
 0.74197752  0.06444460
 0.71394216  0.06988246
 0.68503669  0.07497601
 0.65537489  0.07956084
 0.62507414  0.08339422
 0.59425777  0.08631778
 0.56305370  0.08832226
 0.53159192  0.08966130
 0.50000000  0.09046859
 0.46840468  0.09073198
 0.43693273  0.09045542
 0.40571026  0.08965500
 0.37486223  0.08835406
 0.34451197  0.08657280
 0.31478073  0.08433494
 0.28578699  0.08167568
 0.25764631  0.07862416
 0.23047116  0.07519864
 0.20437023  0.07142191
 0.17944790  0.06732246
 0.15580368  0.06293834
 0.13353174  0.05831418
 0.11272110  0.05349009
 0.09345527  0.04850396
 0.07581042  0.04341816
 0.05985389  0.03832857
 0.04565132  0.03325076
 0.03326085  0.02822186
 0.02272135  0.02341993
 0.01407159  0.01890784
 0.00739622  0.01428930
 0.00281317  0.00948315
 0.00040326  0.00467778
 0.00000000  0.00000000
 0.00157002 -0.00405068
 0.00507213 -0.00741599
 0.01031653 -0.01022271
 0.01734524 -0.01242169
 0.02622213 -0.01419460
 0.03696266 -0.01601793
 0.04952162 -0.01789631
 0.06383943 -0.01971042
 0.07986165 -0.02147522
 0.09752774 -0.02322205
 0.11676566 -0.02489756
 0.13749963 -0.02647820
 0.15964922 -0.02796146
 0.18312811 -0.02933961
 0.20784452 -0.03059743
 0.23370204 -0.03172352
 0.26060002 -0.03271343
 0.28843372 -0.03356578
 0.31709472 -0.03428108
 0.34647104 -0.03484653
 0.37644788 -0.03524070
 0.40690842 -0.03545109
 0.43773404 -0.03546632
 0.46880480 -0.03526925
 0.50000000 -0.03484757
 0.53119860 -0.03419857
 0.56227953 -0.03333316
 0.59312354 -0.03211387
 0.62361575 -0.03028086
 0.65364210 -0.02783457
 0.68308786 -0.02492215
 0.71183713 -0.02177254
 0.73977616 -0.01853389
 0.76679502 -0.01527388
 0.79278610 -0.01207990
 0.81764466 -0.00904244
 0.84126961 -0.00624244
 0.86356426 -0.00374315
 0.88443685 -0.00159170
 0.90380120  0.00018371
 0.92157563  0.00154746
 0.93768227  0.00244922
 0.95205138  0.00289140
 0.96462219  0.00292243
 0.97534307  0.00262285
 0.98417142  0.00209312
 0.99107343  0.00144409
 0.99602491  0.00079091
 0.99900563  0.00025572
 1.00000000  0.00000000
