NACA 2412 normal to 37.5 deg sweep (from NACA2412.dat, y/c divided by cos sweep)
 1.00008381  0.00158468
 0.99910623  0.00184154
 0.99617708  0.00260901
 0.99130721  0.00387793
 0.98451462  0.00563322
 0.97582453  0.00785424
 0.96526923  0.01051529
 0.95288810  0.01358600
 0.93872748  0.01703208
 0.92284056  0.02081586
 0.90528726  0.02489688
 0.88613406  0.02923260
 0.86545377  0.03377886
 0.84332535  0.03849044
 0.81983364  0.04332142
 0.79506903  0.04822556
 0.76912718  0.05315654
 0.74210869  0.05806812
 0.71411868  0.06291431
 0.68526647  0.06764943
 0.65566513  0.07222818
 0.62543106  0.07660578
 0.59468360  0.08073804
 0.56354453  0.08458158
 0.53213763  0.08809413
 0.50058819  0.09123480
 0.46902253  0.09396459
 0.43756749  0.09624690
 0.40634986  0.09804817
 0.37529693  0.09928550
 0.34467975  0.09982663
 0.31467791  0.09965722
 0.28541825  0.09877460
 0.25702472  0.09718450
 0.22961766  0.09490130
 0.20331307  0.09194787
 0.17822186  0.08835546
 0.15444921  0.08416305
 0.13209395  0.07941673
 0.11124803  0.07416860
 0.09199604  0.06847567
 0.07441485  0.06239834
 0.05857330  0.05599897
 0.04453206  0.04934012
 0.03234345  0.04248289
 0.02205147  0.03548516
 0.01369173  0.02840002
 0.00729159  0.02127424
 0.00287020  0.01414695
 0.00043865  0.00704856
 0.00000000  0.00000000
 0.00153463 -0.00680014
 0.00501509 -0.01315792
 0.01042116 -0.01906632
 0.01772511 -0.02451778
 0.02689202 -0.02950468
 0.03788006 -0.03401990
 0.05064089 -0.03805742
 0.06512002 -0.04161310
 0.08125723 -0.04468544
 0.09898696 -0.04727622
 0.11823872 -0.04939130
 0.13893742 -0.05104096
 0.16100369 -0.05224048
 0.18435415 -0.05301021
 0.20890168 -0.05337564
 0.23455554 -0.05336712
 0.26122161 -0.05301953
 0.28880246 -0.05237160
 0.31719754 -0.05146510
 0.34630326 -0.05034400
 0.37601319 -0.04905336
 0.40626883 -0.04763484
 0.43709928 -0.04602320
 0.46818695 -0.04420486
 0.49941181 -0.04221642
 0.53065289 -0.04009319
 0.56178870 -0.03786854
 0.59269771 -0.03557335
 0.62325883 -0.03323581
 0.65335187 -0.03088112
 0.68285808 -0.02853156
 0.71166061 -0.02620654
 0.73964499 -0.02392291
 0.76669961 -0.02169519
 0.79271622 -0.01953601
 0.81759035 -0.01745648
 0.84122175 -0.01546663
 0.86351486 -0.01357568
 0.88437919 -0.01179241
 0.90372973 -0.01012537
 0.92148736 -0.00858300
 0.93757920 -0.00717365
 0.95193895 -0.00590562
 0.96450725 -0.00478696
 0.97523199 -0.00382533
 0.98406854 -0.00302777
 0.99098004 -0.00240048
 0.99593762 -0.00194858
 0.99892050 -0.00167585
 0.99991619 -0.00158468
