NACA 66-410 (Abbott 66-010 table p.375 + a=1.0 mean line, eq. 6.1)
 1.00000000 -0.00000000
 0.99902109  0.00029463
 0.99608979  0.00101252
 0.99121382  0.00208058
 0.98441174  0.00348523
 0.97571345  0.00523810
 0.96515429  0.00736351
 0.95277567  0.00988760
 0.93862441  0.01282767
 0.92275229  0.01618083
 0.90521580  0.01991174
 0.88607639  0.02394675
 0.86540436  0.02822682
 0.84327749  0.03270148
 0.81977933  0.03730767
 0.79499915  0.04197187
 0.76903178  0.04660871
 0.74197752  0.05112734
 0.71394216  0.05544148
 0.68503669  0.05948247
 0.65537489  0.06311986
 0.62507414  0.06616108
 0.59425777  0.06848050
 0.56305370  0.07007076
 0.53159192  0.07113309
 0.50000000  0.07177356
 0.46840468  0.07198252
 0.43693273  0.07176311
 0.40571026  0.07112809
 0.37486223  0.07009599
 0.34451197  0.06868282
 0.31478073  0.06690741
 0.28578699  0.06479767
 0.25764631  0.06237674
 0.23047116  0.05965909
 0.20437023  0.05666281
 0.17944790  0.05341050
 0.15580368  0.04993234
 0.13353174  0.04626375
 0.11272110  0.04243654
 0.09345527  0.03848078
 0.07581042  0.03444594
 0.05985389  0.03040810
 0.04565132  0.02637960
 0.03326085  0.02238991
 0.02272135  0.01858028
 0.01407159  0.01500060
 0.00739622  0.01133646
 0.00281317  0.00752349
 0.00040326  0.00371113
 0.00000000  0.00000000
 0.00157002 -0.00321362
 0.00507213 -0.00588350
 0.01031653 -0.00811022
 0.01734524 -0.00985479
 0.02622213 -0.01126133
 0.03696266 -0.01270788
 0.04952162 -0.01419810
 0.06383943 -0.01563733
 0.07986165 -0.01703744
 0.09752774 -0.01842329
 0.11676566 -0.01975256
 0.13749963 -0.02100657
 0.15964922 -0.02218332
 0.18312811 -0.02327668
 0.20784452 -0.02427457
 0.23370204 -0.02516796
 0.26060002 -0.02595331
 0.28843372 -0.02662952
 0.31709472 -0.02719701
 0.34647104 -0.02764561
 0.37644788 -0.02795833
 0.40690842 -0.02812524
 0.43773404 -0.02813732
 0.46880480 -0.02798098
 0.50000000 -0.02764644
 0.53119860 -0.02713155
 0.56227953 -0.02644497
 0.59312354 -0.02547765
 0.62361575 -0.02402342
 0.65364210 -0.02208265
 0.68308786 -0.01977207
 0.71183713 -0.01727332
 0.73977616 -0.01470392
 0.76679502 -0.01211758
 0.79278610 -0.00958363
 0.81764466 -0.00717385
 0.84126961 -0.00495246
 0.86356426 -0.00296964
 0.88443685 -0.00126278
 0.90380120  0.00014575
 0.92157563  0.00122768
 0.93768227  0.00194310
 0.95205138  0.00229390
 0.96462219  0.00231852
 0.97534307  0.00208085
 0.98417142  0.00166058
 0.99107343  0.00114567
 0.99602491  0.00062747
 0.99900563  0.00020288
 1.00000000  0.00000000
