NACA 2412 (analytic, Abbott & von Doenhoff eqs. 6.1-6.4)
 1.00008381  0.00125721
 0.99910623  0.00146099
 0.99617708  0.00206987
 0.99130721  0.00307657
 0.98451462  0.00446913
 0.97582453  0.00623119
 0.96526923  0.00834234
 0.95288810  0.01077850
 0.93872748  0.01351246
 0.92284056  0.01651433
 0.90528726  0.01975202
 0.88613406  0.02319178
 0.86545377  0.02679857
 0.84332535  0.03053652
 0.81983364  0.03436919
 0.79506903  0.03825991
 0.76912718  0.04217192
 0.74210869  0.04606854
 0.71411868  0.04991328
 0.68526647  0.05366990
 0.65566513  0.05730247
 0.62543106  0.06077545
 0.59468360  0.06405379
 0.56354453  0.06710308
 0.53213763  0.06988977
 0.50058819  0.07238143
 0.46902253  0.07454712
 0.43756749  0.07635780
 0.40634986  0.07778684
 0.37529693  0.07876848
 0.34467975  0.07919779
 0.31467791  0.07906339
 0.28541825  0.07836316
 0.25702472  0.07710165
 0.22961766  0.07529026
 0.20331307  0.07294715
 0.17822186  0.07009710
 0.15444921  0.06677104
 0.13209395  0.06300553
 0.11124803  0.05884191
 0.09199604  0.05432540
 0.07441485  0.04950393
 0.05857330  0.04442697
 0.04453206  0.03914415
 0.03234345  0.03370394
 0.02205147  0.02815227
 0.01369173  0.02253125
 0.00729159  0.01687799
 0.00287020  0.01122353
 0.00043865  0.00559200
 0.00000000  0.00000000
 0.00153463 -0.00539491
 0.00501509 -0.01043888
 0.01042116 -0.01512633
 0.01772511 -0.01945126
 0.02689202 -0.02340764
 0.03788006 -0.02698980
 0.05064089 -0.03019298
 0.06512002 -0.03301389
 0.08125723 -0.03545134
 0.09898696 -0.03750675
 0.11823872 -0.03918475
 0.13893742 -0.04049352
 0.16100369 -0.04144516
 0.18435415 -0.04205583
 0.20890168 -0.04234574
 0.23455554 -0.04233898
 0.26122161 -0.04206322
 0.28880246 -0.04154918
 0.31719754 -0.04083001
 0.34630326 -0.03994058
 0.37601319 -0.03891665
 0.40626883 -0.03779126
 0.43709928 -0.03651266
 0.46818695 -0.03507007
 0.49941181 -0.03349254
 0.53065289 -0.03180807
 0.56178870 -0.03004313
 0.59269771 -0.02822224
 0.62325883 -0.02636774
 0.65335187 -0.02449964
 0.68285808 -0.02263561
 0.71166061 -0.02079105
 0.73964499 -0.01897932
 0.76669961 -0.01721195
 0.79271622 -0.01549896
 0.81759035 -0.01384916
 0.84122175 -0.01227050
 0.86351486 -0.01077031
 0.88437919 -0.00935555
 0.90372973 -0.00803300
 0.92148736 -0.00680935
 0.93757920 -0.00569124
 0.95193895 -0.00468524
 0.96450725 -0.00379775
 0.97523199 -0.00303484
 0.98406854 -0.00240209
 0.99098004 -0.00190443
 0.99593762 -0.00154591
 0.99892050 -0.00132954
 0.99991619 -0.00125721
